60
46
94
23
40
37
52
2
82
93
37
55
80
23
1
53
30
45
36
88
13
8
75
38
88
9
32
32
73
38
46
73
98
6
94
2
67
50
55
22
92
76
64
73
68
18
72
41
2
71
41
60
17
7
1
25
19
80
1
37
3
33
28
26
71
11
52
68
45
7
34
64
66
64
52
10
70
98
31
7
51
4
82
69
12
35
45
91
61
67
29
96
37
15
84
7
45
53
93
89
44
24
19
40
13
98
51
76
96
71
70
36
49
84
56
3
84
20
26
9
2
13
97
61
89
35
63
49
57
15
1
69
15
79
16
37
96
50
87
70
11
59
81
84
37
66
63
94
42
75
12
50
17
80
8
89
40
30
84
87
74
23
64
28
2
95
25
23
96
76
22
8
96
40
89
98
15
80
18
30
66
44
15
75
75
62
96
3
47
38
24
34
6
80
65
58
1
33
92
80
97
8
96
67
65
50
29
27
82
0
6
35
69
33
52
68
59
37
42
63
60
66
81
46
13
81
86
24
79
55
75
94
66
14
75
69
8
52
61
82
7
88
76
18
25
33
42
84
53
71
6
85
45
63
61
78
16
83
57
13
78
61
93
22
91
54
61
32
19
2
30
93
97
90
73
70
63
1
61
4
3
9
32
89
84
20
44
16
42
83
82
48
33
25
19
31
29
60
55
90
56
57
59
78
81
47
32
95
76
91
82
88
86
23
24
67
87
18
36
5
92
35
3
95
88
26
3
90
55
7
57
9
81
44
88
93
2
84
88
1
34
43
28
92
61
81
69
28
88
87
39
12
34
28
70
13
23
5
75
95
10
5
99
8
92
0
9
95
29
79
20
44
31
72
47
83
13
47
0
46
89
30
52
75
55
62
40
91
6
88
95
1
10
76
20
60
80
44
83
0
65
89
89
4
69
70
67
69
45
33
21
15
5
52
59
87
71
73
53
91
89
75
65
33
62
25
78
23
60
65
45
44
75
10
71
14
90
98
17
72
62
35
27
22
51
12
85
23
16
61
85
83
60
89
11
59
35
77
91
58
18
37
67
78
86
49
41
65
33
3
64
70
35
37
68
55
73
7
81
40
87
70
96
58
35
58
8
74
24
6
31
38
49
7
42
95
75
32
29
60
45
53
92
31
30
22
78
18
70
8
43
46
54
11
93
60
70
43
29
19
37
41
0
18
13
44
69
58
33
58
9
1
28
77
26
25
3
24
94
28
30
11
59
48
93
6
93
1
58
55
88
10
20
10
80
18
41
86
32
89
93
10
30
32
8
10
57
5
63
25
72
75
36
41
26
63
31
49
48
5
93
58
67
18
98
60
45
14
15
81
7
89
3
58
47
91
79
29
57
34
54
50
15
61
38
81
7
91
41
10
65
28
16
81
69
60
74
17
85
38
42
24
31
69
30
92
46
87
92
5
2
90
99
51
89
5
11
83
7
35
82
51
58
51
35
47
19
56
13
20
96
83
82
95
27
39
10
93
49
97
71
66
37
42
26
88
96
67
59
84
80
60
87
73
65
5
83
73
84
45
2
36
28
68
99
51
19
68
69
53
41
52
95
93
73
14
84
13
49
3
66
32
68
86
51
92
67
77
30
74
40
0
11
71
95
16
13
51
88
79
96
72
58
28
90
38
66
29
61
26
91
82
40
6
14
68
71
28
32
85
93
3
27
12
44
99
58
93
8
91
52
61
33
46
96
57
79
87
4
88
36
11
68
74
65
90
55
59
23
97
23
41
17
38
10
51
66
81
49
90
48
40
70
10
32
99
42
47
6
34
24
67
26
72
50
21
25
0
89
70
6
43
77
23
72
6
20
82
72
57
39
84
5
1
3
34
56
51
25
31
71
51
93
61
82
16
54
18
92
81
34
11
16
78
14
56
43
1
37
64
59
39
38
41
91
3
93
4
58
61
81
3
30
17
31
87
9
29
20
13
10
49
50
60
34
25
74
33
39
79
33
55
11
59
76
91
54
9
54
5
61
95
34
9
7
4
75
0
54
37
31
90
59
59
87
37
0
10
9
45
26
36
93
92
91
77
42
4
70
0
93
24
6
32
16
60
66
9
92
5
62
86
37
17
31
35
87
55
45
95
10
72
90
73
16
87
19
53
36
74
55
83
75
66
4
3
18
48
19
47
54
70
96
82
28
10
47
33
29
50
65
37
27
98
26
94
7
35
85
7
25
20
86
62
74
35
60
89
61
97
10
43
82
67
77
14
5
82
5
62
86
22
49
65
2
75
57
17
48
61
